1
Public key: 5063

Private key: 3001

The Value of n: 241

738	738	3836	2619	2245	1451	4570	738	3180	1880	2619	421	1451	3225	1880	738

2
Public key: 5293

Private key: 3589

The Value of n: 1093
4810	2339	67	68	68	523	2029	2975	67	2029	2597	4316	2975	4316	4316	68

3 lady

Public key: 4897

Private key: 4295

The Value of n: 619
2120	4187	2120	202	4797	1586	1586	2263	4550	4187	3566	4643	4550	4550	4797	977

4 lena
Public key: 6499

Private key: 5773

The Value of n: 709
4072	3226	3350	3503	2670	3350	5113	140	5113	6033	2438	2438	2614	3350	3226	140
